100
0 10
0 1
10 20
10 11
20 30
20 21
30 40
30 31
40 50
40 41
50 60
50 51
60 70
60 61
70 80
70 71
80 90
80 81
1 11
1 2
11 21
11 12
21 31
21 22
31 41
31 32
41 51
41 42
51 61
51 52
61 71
61 62
71 81
71 72
81 91
81 82
2 12
2 3
12 22
12 13
22 32
22 23
32 42
32 33
42 52
42 43
52 62
52 53
62 72
62 63
72 82
72 73
82 92
82 83
3 13
3 4
13 23
13 14
23 33
23 24
33 43
33 34
43 53
43 44
53 63
53 54
63 73
63 64
73 83
73 74
83 93
83 84
4 14
4 5
14 24
14 15
24 34
24 25
34 44
34 35
44 54
44 45
54 64
54 55
64 74
64 65
74 84
74 75
84 94
84 85
5 15
5 6
15 25
15 16
25 35
25 26
35 45
35 36
45 55
45 46
55 65
55 56
65 75
65 66
75 85
75 76
85 95
85 86
6 16
6 7
16 26
16 17
26 36
26 27
36 46
36 37
46 56
46 47
56 66
56 57
66 76
66 67
76 86
76 77
86 96
86 87
7 17
7 8
17 27
17 18
27 37
27 28
37 47
37 38
47 57
47 48
57 67
57 58
67 77
67 68
77 87
77 78
87 97
87 88
8 18
8 9
18 28
18 19
28 38
28 29
38 48
38 39
48 58
48 49
58 68
58 59
68 78
68 69
78 88
78 79
88 98
88 89
9 19
19 29
29 39
39 49
49 59
59 69
69 79
79 89
89 99
90 91
91 92
92 93
93 94
94 95
95 96
96 97
97 98
98 99
