65
0 1
1 2
2 3
3 4
4 5
5 6
6 7
7 8
8 9
9 10
10 11
11 12
12 13
13 14
14 15
15 16
16 17
17 18
18 19
19 20
20 21
21 22
22 23
23 24
24 25
25 26
26 27
27 28
28 29
29 30
30 31
31 32
32 33
33 34
34 35
35 36
36 37
37 38
38 39
39 40
40 41
41 42
42 43
43 44
44 45
45 46
46 47
47 48
48 49
49 50
50 51
51 52
52 53
53 54
54 55
55 56
56 57
57 58
58 59
59 60
60 61
61 62
62 63
63 0
0 64
1 64
2 64
3 64
4 64
5 64
6 64
7 64
8 64
9 64
10 64
11 64
12 64
13 64
14 64
15 64
16 64
17 64
18 64
19 64
20 64
21 64
22 64
23 64
24 64
25 64
26 64
27 64
28 64
29 64
30 64
31 64
32 64
33 64
34 64
35 64
36 64
37 64
38 64
39 64
40 64
41 64
42 64
43 64
44 64
45 64
46 64
47 64
48 64
49 64
50 64
51 64
52 64
53 64
54 64
55 64
56 64
57 64
58 64
59 64
60 64
61 64
62 64
63 64
